

<level>
<levelname>0</levelname>
<pieces>0,0,0,4,0,0,0,0,0,0,0,0,0,0,0,0,0,0,0,0,0,0,0,0,1,0,0,0,0,0,0,0,0,0,0,0,0,0,0,0,0,0,0,0,8,0,8,0,0</pieces>
<panels>8,2,0,0,0,2,8,8,2,0,0,0,2,8,8,2,2,0,2,2,8,2,2,2,0,2,2,2,2,2,2,0,2,2,2,2,2,2,2,2,2,2,8,2,0,2,0,2,8</panels>
<pStrengths>0,1,0,0,0,1,0,0,1,0,0,0,1,0,0,1,1,0,1,1,0,1,1,1,0,1,1,1,1,1,1,0,1,1,1,1,1,1,1,1,1,1,0,1,0,1,0,1,0</pStrengths>
<colors>0,0,1,5,2,0,0,0,0,3,5,3,0,0,0,0,0,2,0,0,0,0,0,0,2,0,0,0,0,0,0,2,0,0,0,0,0,0,0,0,0,0,0,0,0,0,0,0,0</colors>
<weights>100,100,100,100,100</weights>
<topWalls>0,0,0,0,0,0,0,0,0,0,0,0,0,0,0,0,0,0,0,0,0,0,0,0,0,0,0,0,0,0,0,0,0,0,0,0,0,0,0,0,0,0,0,0,0,0,0,0,0</topWalls>
<botWalls>0,0,0,0,0,0,0,0,0,0,0,0,0,0,0,0,0,0,0,0,0,0,0,0,0,0,0,0,0,0,0,0,0,0,0,0,0,0,0,0,0,0,0,0,0,0,0,0,0</botWalls>
<rightWalls>0,0,0,0,0,0,0,0,0,0,0,0,0,0,0,0,0,0,0,0,0,0,0,0,0,0,0,0,0,0,0,0,0,0,0,0,0,0,0,0,0,0,0,0,0,0,0,0,0</rightWalls>
<leftWalls>0,0,0,0,0,0,0,0,0,0,0,0,0,0,0,0,0,0,0,0,0,0,0,0,0,0,0,0,0,0,0,0,0,0,0,0,0,0,0,0,0,0,0,0,0,0,0,0,0</leftWalls>
</level>